./A1.JPG 0 0 354.3 
./A2.JPG 0 10 359.2
./A3.JPG 0 20 4.24
./A4.JPG 0 30 352.67
./A5.JPG 0 40 353.58
./A6.JPG 0 50 356.08
./A7.JPG 0 60 2.54
./A8.JPG 0 70 0.43
./A9.JPG 0 80 356.99
./A11.JPG 0 90 171.49
./A10.JPG 10 92 77.77 
./A10.1.JPG 20 95 74.07
./A10.2.JPG 30 95 59.07
./A10.3.JPG 40 95 267.39
./A10.4.JPG 50 95 272.63
./A10.5.JPG 60 95 276.67
./A10.6.JPG 70 95 76.28
./A10.7.JPG 80 95 1.81
./A10.8.JPG 90 95 265.31
./A10.9.JPG 100 95 272.62
./A10.10.JPG 110 95 93.0
./A10.11.JPG 120 95 79.91
./A10.12.JPG 125 105 88.94
./A10.13.JPG 125 90 53.9
./A12.JPG 0 110 178.78
./A13.JPG 0 120 268.32
./A14.JPG 0 130 1.66
./A16.JPG 25 120 95.47
./A15.JPG -20 125 268.25
./A34.JPG -40 125 273.33
./A35.JPG -60 125 272.07
./A36.JPG -80 125 95.04
./A17.JPG 35 120 251.14
./A18.JPG 25 140 286.43
./A19.JPG 35 160 356.35
./A20.JPG 50 140 192.49
./A21.JPG 80 140 171.19
./A22.JPG 90 140 177.21
./A23.JPG 100 135 349.33
./A24.JPG 110 135 9.43
./A25.JPG 120 135 226.6
./A33.JPG 90 150 185.98
./A32.JPG 90 160 173.0
./A26.JPG 150 145 268.52
./A27.JPG 170 145 261.16
./A28.JPG 180 150 177.89
./A29.JPG 180 170 152.45
./A30.JPG 180 190 16.19
./A31.JPG 180 155 201.07
./A37.JPG -64.48021958530089 75.14612057127084 355.42
./A38.JPG 35 115 86.04
./A39.JPG 45 115 75.65
./A40.JPG 55 115 82.05
./A41.JPG 65 115 90.26
./A42.JPG 75 115 80.18
./A43.JPG 95 115 85.97
./A44.JPG 115 115 232.08
./A45.JPG 110 80 349.4
./A46.JPG 62 80 270.68
./A47.JPG 35 80 33.67